20824 59 50 0 2521 2719
0 49 46 0 0 0
0 34 15 0 0 0
0 36 29 0 0 0
0 36 17 0 0 0
20532 91 52 0 2641 2611
20261 46 96 1 2544 2594
20424 47 121 0 2810 2830
20496 47 198 0 2744 3017
20866 50 53 0 2590 2742
20242 227 93 0 2708 2813
21230 66 125 0 2967 2929
21023 49 284 2 3172 3333
20157 49 60 0 2600 2658
19979 49 179 0 2567 2593
20437 72 157 0 2754 3178
19970 46 213 0 2814 3126
20297 46 51 0 2487 2693
20617 47 89 1 2585 2610
21217 48 139 0 2734 3020
19641 45 291 0 2753 3097
20951 47 76 0 2569 2771
20015 48 129 0 2578 2644
20691 47 142 0 2803 2931
20724 47 247 1 2823 3090
20536 49 45 0 2550 2669
21235 49 120 0 2773 3006
20807 49 152 2 2823 2883
20532 47 283 1 2783 3174
20450 49 55 0 2537 2612
20497 50 190 1 2591 2682
21671 68 136 0 2593 3135
20713 67 257 0 3000 3227
20393 47 43 0 2641 2699
20742 46 95 0 2576 2648
20021 47 118 0 2717 2898
20401 48 189 0 2801 3387
20237 49 53 0 2622 2675
20288 47 204 0 2654 2808
21076 51 133 0 3107 3365
21447 46 194 0 2895 3187
21215 47 50 1 2523 2576
20822 50 109 0 2474 2699
20416 46 199 0 2747 3151
21210 47 187 0 2932 3227
20553 49 42 0 2783 2598
20506 54 90 0 2596 2615
21117 53 149 0 3002 3383
20860 47 204 0 2737 3350
20696 49 46 0 2516 2620
25339 55 138 1 3298 3407
20711 46 154 2 3120 2889
20438 98 196 1 2803 3224
20744 68 47 0 2608 2481
21151 104 208 1 2580 2606
20648 49 119 0 2689 3223
19908 53 187 0 2857 3054
20593 48 51 0 2507 2678
20928 49 103 0 2475 2642
20629 51 184 0 2698 2970
20594 49 222 0 2809 3159
1606 190 46 0 297 237
20119 49 53 0 2528 2654
21364 47 96 0 2611 2819
20272 55 133 0 2798 3049
20092 48 200 0 2901 3120
20344 67 67 0 2515 2556
20549 61 104 1 2518 2600
21476 47 169 0 2828 2981
21176 48 200 0 2891 3109
22035 46 52 0 2700 2654
20484 47 101 0 2555 2678
22171 48 138 0 2958 3278
20813 47 319 1 3154 3240
1586 53 54 0 351 217
1481 52 43 0 267 271
1600 64 112 1 254 262
1904 68 95 0 232 280
1898 63 195 2 281 273
84020 58 46 0 606 583
86249 78 91 1 572 552
94379 75 162 1 745 644
94158 79 455 1 533 537
218069 66 50 0 2041 2210
216856 61 136 0 2358 2217
217304 62 182 3 2348 2292
215795 75 248 3 2603 2357
20828 83 46 0 51 39
22130 101 98 0 53 48
25016 85 335 1 58 37
25209 81 360 0 52 39
0 39 25 0 0 0
0 35 24 0 0 0
0 345 54 0 0 0
1 34 27 0 0 0
86055 59 47 0 596 546
86758 58 94 0 535 529
89559 59 154 2 581 543
93600 96 205 0 565 708
1518 60 42 0 269 230
1910 103 32 0 316 284
1796 55 106 0 267 228
267622 55 56 0 780 793
273225 48 3034 0 876 900
266311 58 150 1 976 925
263921 42 801 1 858 902
6375 117 40 1 319 378
6740 112 132 0 491 455
7112 109 217 0 439 581
6523 135 208 0 410 467
45929 46 40 0 160 160
50044 43 87 0 190 171
52907 44 211 1 148 180
54966 46 196 1 199 181
212830 60 62 0 2046 2079
213647 59 119 1 2350 2229
213543 58 176 1 2502 2454
216141 61 228 2 2391 2373
20482 85 65 0 52 45
21307 82 108 0 66 36
22907 84 165 0 69 56
23547 83 270 2 48 50
0 41 25 1 0 0
0 35 24 0 0 0
0 46 34 0 0 0
0 35 16 0 0 0
75359 49 38 0 0 0
76129 74 93 1 0 0
80399 41 143 0 0 1
77106 36 194 1 0 0
22147 74 81 0 2619 2712
20947 51 91 0 2604 2631
21358 48 122 1 3035 4229
20646 66 203 0 2833 3215
1527 50 74 0 255 262
1620 53 121 0 265 263
1688 52 78 0 256 240
1756 53 149 0 284 262
83497 65 52 1 494 646
87120 57 119 0 549 569
89364 60 141 1 558 533
92584 187 188 0 520 623
280389 41 47 1 746 785
256017 44 159 1 835 831
257363 48 154 0 883 971
259637 53 246 1 868 1018
84546 57 41 0 505 521
88483 55 95 0 507 554
89019 58 152 2 563 524
92673 117 210 0 546 537
257191 45 67 0 767 777
255403 68 109 1 829 871
262393 50 680 0 868 1005
263334 42 181 0 913 955
6396 126 83 0 360 504
6492 112 94 0 424 461
6523 111 120 0 414 488
6546 126 237 0 448 472
46713 44 55 0 167 211
50172 43 108 0 153 176
51802 43 153 0 184 173
51532 48 211 0 189 164
213651 64 61 0 2028 2226
213935 58 114 1 2288 2271
214012 59 149 0 2467 2289
213516 68 228 2 2355 2287
20892 89 48 0 44 43
23323 96 177 0 53 45
22721 87 144 0 38 49
23085 82 224 0 146 48
74197 73 47 0 0 0
76968 36 95 0 0 0
78605 38 172 1 0 0
79382 37 190 0 0 0
235273 60 42 0 2033 2082
213951 90 37 1 2124 2061
215402 66 51 0 2090 2202
215622 58 72 1 2050 2215
212096 73 129 0 2331 2327
214916 68 178 1 2354 2367
213705 145 212 1 2408 2315
83909 65 48 0 1230 1207
86138 87 45 1 1787 1379
85730 59 113 2 1184 1325
84301 73 117 0 1190 1380
83399 94 51 1 1253 1325
83628 59 59 0 1280 1223
84200 68 99 0 1319 1282
83341 62 127 0 1195 1155
130013 70 50 0 1221 1207
85302 64 46 0 1276 1182
84973 57 49 0 1344 1277
83883 60 102 1 1286 1259
83566 73 88 0 1174 1229
45526 55 55 0 143 181
48631 46 102 0 187 171
52334 43 217 0 213 160
52951 44 196 0 194 161
84489 63 103 2 1216 1255
213689 62 54 0 2031 2103
214417 63 115 0 2378 2305
215270 66 156 1 2232 2310
214836 63 213 1 2394 2433
84259 59 42 0 1246 1284
82574 62 55 0 1210 1463
84002 97 95 0 1180 1333
84056 59 119 0 1217 1308
214109 65 55 0 2113 2199
213986 64 132 2 2352 2504
212963 60 197 0 2501 2343
211594 71 230 0 2452 2476
